8888888                         888888 8888888888 8888888b.  8888888b.  8888888  .d8888b.  88888888888 
  888                             "88b 888        888  "Y88b 888  "Y88b   888   d88P  Y88b     888     
  888                              888 888        888    888 888    888   888   888    888     888     
  888       88888b.d88b.           888 8888888    888    888 888    888   888   888            888     
  888       888  888  88b          888 888        888    888 888    888   888   888            888     
  888       888  888  888          888 888        888    888 888    888   888   888    888     888     
  888       888  888  888          88P 888        888  .d88P 888  .d88P   888   Y88b  d88P     888     
8888888     888  888  888          888 8888888888 8888888P"  8888888P"  8888888  "Y8888P"      888     
                                 .d88P                                                                 
                               .d88P"                                                                  
                              888P"                        
                                   https://jeddict.github.io
